   1.0000000000000000        0.0000000000000000     
   1.0000000000000000       0.10526315867900848     
   1.0000000000000000       0.21052631735801697     
   1.0000000000000000       0.31578946113586426     
   1.0000000000000000       0.42105263471603394     
   1.0031656692701023       0.52631580829620361     
   1.0184906399610580       0.63157898187637329     
   1.0556313906983383       0.73684215545654297     
   1.1179117401042529       0.84210532903671265     
   1.2018419676743148       0.94736850261688232     
   1.3005124747195658        1.0526316165924072     
   1.4056282436759520        1.1578947305679321     
   1.5062270391681130        1.2631578445434570     
   1.5835852911319257        1.3684209585189819     
   1.6046015885858305        1.4736840724945068     
   1.5309771519282509        1.5789471864700317     
   1.3701854401279032        1.6842103004455566     
   1.2011904739205259        1.7894734144210815     
   1.0888550576704181        1.8947365283966064     
   1.0336800299721840        1.9999996423721313     
