   1.0000000000000000        0.0000000000000000     
   1.0000000000000000       0.10526315867900848     
   1.0000000000000000       0.21052631735801697     
   1.0000000000000000       0.31578946113586426     
   1.0000000000000000       0.42105263471603394     
   1.0067987487012895       0.52631580829620361     
   1.0424827883514001       0.63157898187637329     
   1.1342558282785071       0.73684215545654297     
   1.2883939705492520       0.84210532903671265     
   1.4785118699128472       0.94736850261688232     
   1.6553186921948015        1.0526316165924072     
   1.7641859978614660        1.1578947305679321     
   1.7677917448398357        1.2631578445434570     
   1.6674688427771756        1.3684209585189819     
   1.5037134732420643        1.4736840724945068     
   1.3314539853812732        1.5789471864700317     
   1.1912336410958908        1.6842103004455566     
   1.0973324194389236        1.7894734144210815     
   1.0439705587865680        1.8947365283966064     
   1.0177338086831267        1.9999996423721313     
